1 0.1611328125 0.4384765625 0.064453125 0.1875
1 0.580078125 0.2880859375 0.140625 0.22265625
1 0.744140625 0.22265625 0.2109375 0.1962890625
1 0.8388671875 0.6435546875 0.1767578125 0.228515625
1 0.6572265625 0.5712890625 0.1796875 0.220703125
1 0.4375 0.3720703125 0.08203125 0.259765625
1 0.36328125 0.4013671875 0.078125 0.2412109375
1 0.345703125 0.578125 0.1640625 0.1396484375
1 0.5390625 0.4697265625 0.1298828125 0.1533203125
1 0.482421875 0.623046875 0.1513671875 0.1474609375
1 0.49609375 0.75 0.1513671875 0.1337890625
1 0.3125 0.6923828125 0.1689453125 0.1630859375
